{
  "cells": [
    {
      "cell_type": "markdown",
      "metadata": {
        "id": "view-in-github",
        "colab_type": "text"
      },
      "source": [
        "<a href=\"https://colab.research.google.com/github/mmimlmlm/mmimlmlm/blob/main/P_T_00_IPSA.ipynb\" target=\"_parent\"><img src=\"https://colab.research.google.com/assets/colab-badge.svg\" alt=\"Open In Colab\"/></a>"
      ]
    },
    {
      "cell_type": "code",
      "execution_count": null,
      "metadata": {
        "id": "EL1zkp80b9pf",
        "colab": {
          "base_uri": "https://localhost:8080/"
        },
        "outputId": "3868c905-cf06-41cc-c503-b242cb47b126"
      },
      "outputs": [
        {
          "output_type": "stream",
          "name": "stdout",
          "text": [
            "Mounted at drive\n"
          ]
        }
      ],
      "source": [
        "from google.colab import drive\n",
        "drive.mount('drive')\n",
        "import os\n",
        "os.chdir(\"/content/drive/My Drive/Colab Notebooks/PrediccionIpsa2025\")"
      ]
    },
    {
      "cell_type": "markdown",
      "source": [
        "###DESCARGA DE DATOS A GOOGLE COLAB"
      ],
      "metadata": {
        "id": "QjOG3iegyI3I"
      }
    },
    {
      "cell_type": "code",
      "source": [
        "import pandas as pd\n",
        "import yfinance as yf"
      ],
      "metadata": {
        "id": "qcTSbVBaKLMi"
      },
      "execution_count": null,
      "outputs": []
    },
    {
      "cell_type": "code",
      "source": [
        "last_cutoff =  pd.to_datetime('2025-09-01')\n",
        "\n",
        "tickers = [\n",
        "    \"SQM-B.SN\", \"CHILE.SN\", \"FALABELLA.SN\", \"CENCOSUD.SN\",\n",
        "    \"BSANTANDER.SN\", \"BCI.SN\", \"COPEC.SN\", \"ENELAM.SN\", \"ENELCHILE.SN\",\n",
        "    \"CMPC.SN\", \"PARAUCO.SN\", \"ANDINA-B.SN\", \"QUINENCO.SN\", \"COLBUN.SN\",\n",
        "    \"CENCOMALLS.SN\", \"AGUAS-A.SN\", \"ITAUCL.SN\", \"MALLPLAZA.SN\", \"CCU.SN\",\n",
        "    \"VAPORES.SN\", \"ECL.SN\", \"CONCHATORO.SN\", \"RIPLEY.SN\", \"ENTEL.SN\",\n",
        "    \"IAM.SN\", \"ILC.SN\", \"SMU.SN\", \"CAP.SN\", #\"LTM.SN\"\n",
        "]\n",
        "prices = yf.download(tickers, start = '2016-01-01', end = last_cutoff- pd.DateOffset(1), interval=\"1d\" )['Close'].dropna()\n",
        "prices.columns = prices.columns.str.replace(\".SN\", \"\", regex=False)\n",
        "prices.to_csv('prices.csv', encoding='utf-8')"
      ],
      "metadata": {
        "colab": {
          "base_uri": "https://localhost:8080/"
        },
        "id": "bBWdr3r0yIB-",
        "outputId": "760885f6-76c5-437c-d2d2-02a3cb2f2970"
      },
      "execution_count": null,
      "outputs": [
        {
          "output_type": "stream",
          "name": "stderr",
          "text": [
            "/tmp/ipython-input-1361823280.py:11: FutureWarning: YF.download() has changed argument auto_adjust default to True\n",
            "  prices = yf.download(tickers, start = '2016-01-01', end = last_cutoff- pd.DateOffset(1), interval=\"1d\" )['Close'].dropna()\n",
            "[*********************100%***********************]  28 of 28 completed\n"
          ]
        }
      ]
    },
    {
      "cell_type": "markdown",
      "metadata": {
        "id": "DvLvSdKwXEvh"
      },
      "source": [
        "###LECTURA DE DATOS DESDE GOOGLE COLAB"
      ]
    },
    {
      "cell_type": "code",
      "source": [
        "import pandas as pd\n",
        "import numpy as np\n",
        "\n",
        "# Cargar precios y calcular retornos\n",
        "prices = pd.read_csv('prices.csv', encoding='utf-8', index_col=0)\n",
        "prices.index = pd.to_datetime(prices.index)\n",
        "returns = prices.pct_change().fillna(0)\n",
        "\n",
        "# Definir cortes\n",
        "months = 12\n",
        "last_cutoff =  pd.to_datetime('2025-09-01')\n",
        "first_cutoff = last_cutoff - pd.DateOffset(months=months)\n",
        "cutoffs = pd.date_range(first_cutoff, last_cutoff, freq=\"MS\")\n",
        "\n",
        "# Separar periodos\n",
        "train_returns = returns[returns.index < first_cutoff]\n",
        "test_returns = returns[returns.index >= first_cutoff]\n",
        "\n",
        "# Retornos para backtesting\n",
        "backtesting_returns = test_returns + 1\n",
        "backtesting_returns.iloc[0, :] = 1\n",
        "\n",
        "# Log-retornos para covarianza\n",
        "log_returns = np.log(returns + 1)\n",
        "train_log_returns = log_returns[log_returns.index < first_cutoff]\n",
        "\n",
        "# Covarianza anualizada\n",
        "cov = train_log_returns.cov() * 252\n",
        "\n",
        "# Tasa libre de riesgo mensual\n",
        "rf = ((1 + 13.5 / 100) ** (1 / 12)) - 1\n",
        "\n",
        "# Vector de costos (puedes personalizarlo)\n",
        "cost_vector = np.zeros(len(test_returns.columns))\n",
        "\n",
        "horizon = 4\n",
        "freq = 'W'\n",
        "data = returns.reset_index().resample('W', on='Date').mean().reset_index().melt(id_vars = 'Date').rename(columns={'Date': 'ds', 'variable': 'unique_id', 'value': 'y'})"
      ],
      "metadata": {
        "id": "0tySfa9Sr2F7"
      },
      "execution_count": null,
      "outputs": []
    },
    {
      "cell_type": "code",
      "source": [
        "import plotly.graph_objects as go\n",
        "import numpy as np\n",
        "\n",
        "def plot_correlation_matrix(df, title='Matriz de correlación'):\n",
        "    corr_matrix = df.corr().round(3)\n",
        "\n",
        "    fig = go.Figure(data=go.Heatmap(\n",
        "        z=corr_matrix.values,\n",
        "        x=corr_matrix.columns,\n",
        "        y=corr_matrix.index,\n",
        "        colorscale='RdBu',\n",
        "        zmin=-1,\n",
        "        zmax=1,\n",
        "        text=corr_matrix.values,\n",
        "        texttemplate=\"%{text:.3f}\",  # Muestra el valor con 3 decimales\n",
        "        hovertemplate='Correlación %{x} ↔ %{y}: %{z:.3f}<extra></extra>',\n",
        "        showscale=True\n",
        "    ))\n",
        "\n",
        "    fig.update_layout(\n",
        "        title=title,\n",
        "        width=1300,\n",
        "        height=700,\n",
        "        xaxis=dict(tickangle=45),\n",
        "        font=dict(size=10),\n",
        "        margin=dict(l=50, r=50, t=80, b=50),\n",
        "        plot_bgcolor='white',\n",
        "        paper_bgcolor='white'\n",
        "    )\n",
        "\n",
        "    fig.show()\n",
        "\n",
        "# Ejecución\n",
        "plot_correlation_matrix(train_log_returns)\n",
        "\n"
      ],
      "metadata": {
        "colab": {
          "base_uri": "https://localhost:8080/",
          "height": 717
        },
        "id": "FImdonycUlRi",
        "outputId": "8bdbc1e9-03f1-478a-e06b-8a90ae9ae8d1"
      },
      "execution_count": null,
      "outputs": [
        {
          "output_type": "display_data",
          "data": {
            "text/html": [
              "<html>\n",
              "<head><meta charset=\"utf-8\" /></head>\n",
              "<body>\n",
              "    <div>            <script src=\"https://cdnjs.cloudflare.com/ajax/libs/mathjax/2.7.5/MathJax.js?config=TeX-AMS-MML_SVG\"></script><script type=\"text/javascript\">if (window.MathJax && window.MathJax.Hub && window.MathJax.Hub.Config) {window.MathJax.Hub.Config({SVG: {font: \"STIX-Web\"}});}</script>                <script type=\"text/javascript\">window.PlotlyConfig = {MathJaxConfig: 'local'};</script>\n",
              "        <script charset=\"utf-8\" src=\"https://cdn.plot.ly/plotly-2.35.2.min.js\"></script>                <div id=\"ed7f0e53-070f-4f72-bc64-2f4af0892899\" class=\"plotly-graph-div\" style=\"height:700px; width:1300px;\"></div>            <script type=\"text/javascript\">                                    window.PLOTLYENV=window.PLOTLYENV || {};                                    if (document.getElementById(\"ed7f0e53-070f-4f72-bc64-2f4af0892899\")) {                    Plotly.newPlot(                        \"ed7f0e53-070f-4f72-bc64-2f4af0892899\",                        [{\"colorscale\":[[0.0,\"rgb(103,0,31)\"],[0.1,\"rgb(178,24,43)\"],[0.2,\"rgb(214,96,77)\"],[0.3,\"rgb(244,165,130)\"],[0.4,\"rgb(253,219,199)\"],[0.5,\"rgb(247,247,247)\"],[0.6,\"rgb(209,229,240)\"],[0.7,\"rgb(146,197,222)\"],[0.8,\"rgb(67,147,195)\"],[0.9,\"rgb(33,102,172)\"],[1.0,\"rgb(5,48,97)\"]],\"hovertemplate\":\"Correlación %{x} ↔ %{y}: %{z:.3f}\\u003cextra\\u003e\\u003c\\u002fextra\\u003e\",\"showscale\":true,\"text\":[[1.0,0.385,0.436,0.414,0.311,0.295,0.311,0.374,0.42,0.379,0.347,0.269,0.352,0.476,0.285,0.344,0.367,0.424,0.631,0.381,0.362,0.344,0.41,0.28,0.371,0.362,0.28,0.214],[0.385,1.0,0.426,0.442,0.351,0.324,0.323,0.428,0.413,0.37,0.336,0.308,0.339,0.403,0.303,0.309,0.37,0.429,0.357,0.355,0.392,0.386,0.416,0.296,0.368,0.317,0.289,0.229],[0.436,0.426,1.0,0.615,0.389,0.362,0.431,0.479,0.589,0.525,0.362,0.346,0.554,0.467,0.382,0.447,0.479,0.521,0.369,0.38,0.465,0.4,0.474,0.344,0.46,0.423,0.338,0.306],[0.414,0.442,0.615,1.0,0.413,0.401,0.4,0.507,0.716,0.51,0.38,0.321,0.506,0.443,0.422,0.465,0.467,0.55,0.364,0.357,0.44,0.422,0.428,0.326,0.42,0.347,0.363,0.337],[0.311,0.351,0.389,0.413,1.0,0.303,0.358,0.401,0.412,0.442,0.277,0.228,0.401,0.332,0.347,0.282,0.351,0.384,0.294,0.341,0.363,0.332,0.421,0.335,0.359,0.303,0.374,0.388],[0.295,0.324,0.362,0.401,0.303,1.0,0.236,0.363,0.393,0.316,0.256,0.166,0.343,0.264,0.343,0.294,0.299,0.333,0.258,0.208,0.301,0.239,0.306,0.225,0.294,0.199,0.323,0.215],[0.311,0.323,0.431,0.4,0.358,0.236,1.0,0.407,0.388,0.395,0.292,0.248,0.392,0.353,0.283,0.337,0.342,0.407,0.258,0.34,0.265,0.442,0.513,0.29,0.358,0.314,0.235,0.22],[0.374,0.428,0.479,0.507,0.401,0.363,0.407,1.0,0.489,0.49,0.304,0.316,0.487,0.374,0.391,0.414,0.376,0.544,0.327,0.338,0.406,0.394,0.462,0.286,0.408,0.348,0.368,0.271],[0.42,0.413,0.589,0.716,0.412,0.393,0.388,0.489,1.0,0.495,0.388,0.331,0.537,0.469,0.453,0.43,0.455,0.526,0.397,0.355,0.421,0.424,0.44,0.268,0.449,0.389,0.341,0.287],[0.379,0.37,0.525,0.51,0.442,0.316,0.395,0.49,0.495,1.0,0.365,0.268,0.687,0.385,0.384,0.436,0.398,0.499,0.316,0.354,0.379,0.377,0.434,0.24,0.376,0.344,0.389,0.267],[0.347,0.336,0.362,0.38,0.277,0.256,0.292,0.304,0.388,0.365,1.0,0.232,0.367,0.403,0.261,0.344,0.283,0.379,0.303,0.285,0.289,0.287,0.34,0.247,0.327,0.314,0.211,0.202],[0.269,0.308,0.346,0.321,0.228,0.166,0.248,0.316,0.331,0.268,0.232,1.0,0.276,0.296,0.234,0.261,0.299,0.305,0.229,0.19,0.248,0.294,0.331,0.192,0.289,0.352,0.204,0.146],[0.352,0.339,0.554,0.506,0.401,0.343,0.392,0.487,0.537,0.687,0.367,0.276,1.0,0.36,0.402,0.435,0.432,0.523,0.304,0.339,0.388,0.396,0.448,0.283,0.421,0.318,0.367,0.267],[0.476,0.403,0.467,0.443,0.332,0.264,0.353,0.374,0.469,0.385,0.403,0.296,0.36,1.0,0.32,0.415,0.383,0.442,0.465,0.399,0.386,0.396,0.432,0.293,0.449,0.401,0.257,0.219],[0.285,0.303,0.382,0.422,0.347,0.343,0.283,0.391,0.453,0.384,0.261,0.234,0.402,0.32,1.0,0.366,0.327,0.41,0.264,0.235,0.319,0.299,0.344,0.245,0.324,0.186,0.331,0.276],[0.344,0.309,0.447,0.465,0.282,0.294,0.337,0.414,0.43,0.436,0.344,0.261,0.435,0.415,0.366,1.0,0.373,0.418,0.327,0.335,0.29,0.329,0.376,0.253,0.371,0.289,0.278,0.26],[0.367,0.37,0.479,0.467,0.351,0.299,0.342,0.376,0.455,0.398,0.283,0.299,0.432,0.383,0.327,0.373,1.0,0.425,0.316,0.335,0.339,0.349,0.413,0.286,0.376,0.315,0.284,0.247],[0.424,0.429,0.521,0.55,0.384,0.333,0.407,0.544,0.526,0.499,0.379,0.305,0.523,0.442,0.41,0.418,0.425,1.0,0.379,0.41,0.401,0.44,0.515,0.318,0.53,0.383,0.333,0.272],[0.631,0.357,0.369,0.364,0.294,0.258,0.258,0.327,0.397,0.316,0.303,0.229,0.304,0.465,0.264,0.327,0.316,0.379,1.0,0.35,0.329,0.34,0.395,0.244,0.361,0.351,0.239,0.187],[0.381,0.355,0.38,0.357,0.341,0.208,0.34,0.338,0.355,0.354,0.285,0.19,0.339,0.399,0.235,0.335,0.335,0.41,0.35,1.0,0.354,0.364,0.398,0.239,0.385,0.286,0.189,0.187],[0.362,0.392,0.465,0.44,0.363,0.301,0.265,0.406,0.421,0.379,0.289,0.248,0.388,0.386,0.319,0.29,0.339,0.401,0.329,0.354,1.0,0.33,0.386,0.294,0.401,0.285,0.314,0.285],[0.344,0.386,0.4,0.422,0.332,0.239,0.442,0.394,0.424,0.377,0.287,0.294,0.396,0.396,0.299,0.329,0.349,0.44,0.34,0.364,0.33,1.0,0.536,0.27,0.455,0.371,0.253,0.194],[0.41,0.416,0.474,0.428,0.421,0.306,0.513,0.462,0.44,0.434,0.34,0.331,0.448,0.432,0.344,0.376,0.413,0.515,0.395,0.398,0.386,0.536,1.0,0.321,0.477,0.397,0.304,0.235],[0.28,0.296,0.344,0.326,0.335,0.225,0.29,0.286,0.268,0.24,0.247,0.192,0.283,0.293,0.245,0.253,0.286,0.318,0.244,0.239,0.294,0.27,0.321,1.0,0.371,0.241,0.216,0.343],[0.371,0.368,0.46,0.42,0.359,0.294,0.358,0.408,0.449,0.376,0.327,0.289,0.421,0.449,0.324,0.371,0.376,0.53,0.361,0.385,0.401,0.455,0.477,0.371,1.0,0.377,0.251,0.255],[0.362,0.317,0.423,0.347,0.303,0.199,0.314,0.348,0.389,0.344,0.314,0.352,0.318,0.401,0.186,0.289,0.315,0.383,0.351,0.286,0.285,0.371,0.397,0.241,0.377,1.0,0.204,0.165],[0.28,0.289,0.338,0.363,0.374,0.323,0.235,0.368,0.341,0.389,0.211,0.204,0.367,0.257,0.331,0.278,0.284,0.333,0.239,0.189,0.314,0.253,0.304,0.216,0.251,0.204,1.0,0.276],[0.214,0.229,0.306,0.337,0.388,0.215,0.22,0.271,0.287,0.267,0.202,0.146,0.267,0.219,0.276,0.26,0.247,0.272,0.187,0.187,0.285,0.194,0.235,0.343,0.255,0.165,0.276,1.0]],\"texttemplate\":\"%{text:.3f}\",\"x\":[\"AGUAS-A\",\"ANDINA-B\",\"BCI\",\"BSANTANDER\",\"CAP\",\"CCU\",\"CENCOMALLS\",\"CENCOSUD\",\"CHILE\",\"CMPC\",\"COLBUN\",\"CONCHATORO\",\"COPEC\",\"ECL\",\"ENELAM\",\"ENELCHILE\",\"ENTEL\",\"FALABELLA\",\"IAM\",\"ILC\",\"ITAUCL\",\"MALLPLAZA\",\"PARAUCO\",\"QUINENCO\",\"RIPLEY\",\"SMU\",\"SQM-B\",\"VAPORES\"],\"y\":[\"AGUAS-A\",\"ANDINA-B\",\"BCI\",\"BSANTANDER\",\"CAP\",\"CCU\",\"CENCOMALLS\",\"CENCOSUD\",\"CHILE\",\"CMPC\",\"COLBUN\",\"CONCHATORO\",\"COPEC\",\"ECL\",\"ENELAM\",\"ENELCHILE\",\"ENTEL\",\"FALABELLA\",\"IAM\",\"ILC\",\"ITAUCL\",\"MALLPLAZA\",\"PARAUCO\",\"QUINENCO\",\"RIPLEY\",\"SMU\",\"SQM-B\",\"VAPORES\"],\"z\":[[1.0,0.385,0.436,0.414,0.311,0.295,0.311,0.374,0.42,0.379,0.347,0.269,0.352,0.476,0.285,0.344,0.367,0.424,0.631,0.381,0.362,0.344,0.41,0.28,0.371,0.362,0.28,0.214],[0.385,1.0,0.426,0.442,0.351,0.324,0.323,0.428,0.413,0.37,0.336,0.308,0.339,0.403,0.303,0.309,0.37,0.429,0.357,0.355,0.392,0.386,0.416,0.296,0.368,0.317,0.289,0.229],[0.436,0.426,1.0,0.615,0.389,0.362,0.431,0.479,0.589,0.525,0.362,0.346,0.554,0.467,0.382,0.447,0.479,0.521,0.369,0.38,0.465,0.4,0.474,0.344,0.46,0.423,0.338,0.306],[0.414,0.442,0.615,1.0,0.413,0.401,0.4,0.507,0.716,0.51,0.38,0.321,0.506,0.443,0.422,0.465,0.467,0.55,0.364,0.357,0.44,0.422,0.428,0.326,0.42,0.347,0.363,0.337],[0.311,0.351,0.389,0.413,1.0,0.303,0.358,0.401,0.412,0.442,0.277,0.228,0.401,0.332,0.347,0.282,0.351,0.384,0.294,0.341,0.363,0.332,0.421,0.335,0.359,0.303,0.374,0.388],[0.295,0.324,0.362,0.401,0.303,1.0,0.236,0.363,0.393,0.316,0.256,0.166,0.343,0.264,0.343,0.294,0.299,0.333,0.258,0.208,0.301,0.239,0.306,0.225,0.294,0.199,0.323,0.215],[0.311,0.323,0.431,0.4,0.358,0.236,1.0,0.407,0.388,0.395,0.292,0.248,0.392,0.353,0.283,0.337,0.342,0.407,0.258,0.34,0.265,0.442,0.513,0.29,0.358,0.314,0.235,0.22],[0.374,0.428,0.479,0.507,0.401,0.363,0.407,1.0,0.489,0.49,0.304,0.316,0.487,0.374,0.391,0.414,0.376,0.544,0.327,0.338,0.406,0.394,0.462,0.286,0.408,0.348,0.368,0.271],[0.42,0.413,0.589,0.716,0.412,0.393,0.388,0.489,1.0,0.495,0.388,0.331,0.537,0.469,0.453,0.43,0.455,0.526,0.397,0.355,0.421,0.424,0.44,0.268,0.449,0.389,0.341,0.287],[0.379,0.37,0.525,0.51,0.442,0.316,0.395,0.49,0.495,1.0,0.365,0.268,0.687,0.385,0.384,0.436,0.398,0.499,0.316,0.354,0.379,0.377,0.434,0.24,0.376,0.344,0.389,0.267],[0.347,0.336,0.362,0.38,0.277,0.256,0.292,0.304,0.388,0.365,1.0,0.232,0.367,0.403,0.261,0.344,0.283,0.379,0.303,0.285,0.289,0.287,0.34,0.247,0.327,0.314,0.211,0.202],[0.269,0.308,0.346,0.321,0.228,0.166,0.248,0.316,0.331,0.268,0.232,1.0,0.276,0.296,0.234,0.261,0.299,0.305,0.229,0.19,0.248,0.294,0.331,0.192,0.289,0.352,0.204,0.146],[0.352,0.339,0.554,0.506,0.401,0.343,0.392,0.487,0.537,0.687,0.367,0.276,1.0,0.36,0.402,0.435,0.432,0.523,0.304,0.339,0.388,0.396,0.448,0.283,0.421,0.318,0.367,0.267],[0.476,0.403,0.467,0.443,0.332,0.264,0.353,0.374,0.469,0.385,0.403,0.296,0.36,1.0,0.32,0.415,0.383,0.442,0.465,0.399,0.386,0.396,0.432,0.293,0.449,0.401,0.257,0.219],[0.285,0.303,0.382,0.422,0.347,0.343,0.283,0.391,0.453,0.384,0.261,0.234,0.402,0.32,1.0,0.366,0.327,0.41,0.264,0.235,0.319,0.299,0.344,0.245,0.324,0.186,0.331,0.276],[0.344,0.309,0.447,0.465,0.282,0.294,0.337,0.414,0.43,0.436,0.344,0.261,0.435,0.415,0.366,1.0,0.373,0.418,0.327,0.335,0.29,0.329,0.376,0.253,0.371,0.289,0.278,0.26],[0.367,0.37,0.479,0.467,0.351,0.299,0.342,0.376,0.455,0.398,0.283,0.299,0.432,0.383,0.327,0.373,1.0,0.425,0.316,0.335,0.339,0.349,0.413,0.286,0.376,0.315,0.284,0.247],[0.424,0.429,0.521,0.55,0.384,0.333,0.407,0.544,0.526,0.499,0.379,0.305,0.523,0.442,0.41,0.418,0.425,1.0,0.379,0.41,0.401,0.44,0.515,0.318,0.53,0.383,0.333,0.272],[0.631,0.357,0.369,0.364,0.294,0.258,0.258,0.327,0.397,0.316,0.303,0.229,0.304,0.465,0.264,0.327,0.316,0.379,1.0,0.35,0.329,0.34,0.395,0.244,0.361,0.351,0.239,0.187],[0.381,0.355,0.38,0.357,0.341,0.208,0.34,0.338,0.355,0.354,0.285,0.19,0.339,0.399,0.235,0.335,0.335,0.41,0.35,1.0,0.354,0.364,0.398,0.239,0.385,0.286,0.189,0.187],[0.362,0.392,0.465,0.44,0.363,0.301,0.265,0.406,0.421,0.379,0.289,0.248,0.388,0.386,0.319,0.29,0.339,0.401,0.329,0.354,1.0,0.33,0.386,0.294,0.401,0.285,0.314,0.285],[0.344,0.386,0.4,0.422,0.332,0.239,0.442,0.394,0.424,0.377,0.287,0.294,0.396,0.396,0.299,0.329,0.349,0.44,0.34,0.364,0.33,1.0,0.536,0.27,0.455,0.371,0.253,0.194],[0.41,0.416,0.474,0.428,0.421,0.306,0.513,0.462,0.44,0.434,0.34,0.331,0.448,0.432,0.344,0.376,0.413,0.515,0.395,0.398,0.386,0.536,1.0,0.321,0.477,0.397,0.304,0.235],[0.28,0.296,0.344,0.326,0.335,0.225,0.29,0.286,0.268,0.24,0.247,0.192,0.283,0.293,0.245,0.253,0.286,0.318,0.244,0.239,0.294,0.27,0.321,1.0,0.371,0.241,0.216,0.343],[0.371,0.368,0.46,0.42,0.359,0.294,0.358,0.408,0.449,0.376,0.327,0.289,0.421,0.449,0.324,0.371,0.376,0.53,0.361,0.385,0.401,0.455,0.477,0.371,1.0,0.377,0.251,0.255],[0.362,0.317,0.423,0.347,0.303,0.199,0.314,0.348,0.389,0.344,0.314,0.352,0.318,0.401,0.186,0.289,0.315,0.383,0.351,0.286,0.285,0.371,0.397,0.241,0.377,1.0,0.204,0.165],[0.28,0.289,0.338,0.363,0.374,0.323,0.235,0.368,0.341,0.389,0.211,0.204,0.367,0.257,0.331,0.278,0.284,0.333,0.239,0.189,0.314,0.253,0.304,0.216,0.251,0.204,1.0,0.276],[0.214,0.229,0.306,0.337,0.388,0.215,0.22,0.271,0.287,0.267,0.202,0.146,0.267,0.219,0.276,0.26,0.247,0.272,0.187,0.187,0.285,0.194,0.235,0.343,0.255,0.165,0.276,1.0]],\"zmax\":1,\"zmin\":-1,\"type\":\"heatmap\"}],                        {\"template\":{\"data\":{\"histogram2dcontour\":[{\"type\":\"histogram2dcontour\",\"colorbar\":{\"outlinewidth\":0,\"ticks\":\"\"},\"colorscale\":[[0.0,\"#0d0887\"],[0.1111111111111111,\"#46039f\"],[0.2222222222222222,\"#7201a8\"],[0.3333333333333333,\"#9c179e\"],[0.4444444444444444,\"#bd3786\"],[0.5555555555555556,\"#d8576b\"],[0.6666666666666666,\"#ed7953\"],[0.7777777777777778,\"#fb9f3a\"],[0.8888888888888888,\"#fdca26\"],[1.0,\"#f0f921\"]]}],\"choropleth\":[{\"type\":\"choropleth\",\"colorbar\":{\"outlinewidth\":0,\"ticks\":\"\"}}],\"histogram2d\":[{\"type\":\"histogram2d\",\"colorbar\":{\"outlinewidth\":0,\"ticks\":\"\"},\"colorscale\":[[0.0,\"#0d0887\"],[0.1111111111111111,\"#46039f\"],[0.2222222222222222,\"#7201a8\"],[0.3333333333333333,\"#9c179e\"],[0.4444444444444444,\"#bd3786\"],[0.5555555555555556,\"#d8576b\"],[0.6666666666666666,\"#ed7953\"],[0.7777777777777778,\"#fb9f3a\"],[0.8888888888888888,\"#fdca26\"],[1.0,\"#f0f921\"]]}],\"heatmap\":[{\"type\":\"heatmap\",\"colorbar\":{\"outlinewidth\":0,\"ticks\":\"\"},\"colorscale\":[[0.0,\"#0d0887\"],[0.1111111111111111,\"#46039f\"],[0.2222222222222222,\"#7201a8\"],[0.3333333333333333,\"#9c179e\"],[0.4444444444444444,\"#bd3786\"],[0.5555555555555556,\"#d8576b\"],[0.6666666666666666,\"#ed7953\"],[0.7777777777777778,\"#fb9f3a\"],[0.8888888888888888,\"#fdca26\"],[1.0,\"#f0f921\"]]}],\"heatmapgl\":[{\"type\":\"heatmapgl\",\"colorbar\":{\"outlinewidth\":0,\"ticks\":\"\"},\"colorscale\":[[0.0,\"#0d0887\"],[0.1111111111111111,\"#46039f\"],[0.2222222222222222,\"#7201a8\"],[0.3333333333333333,\"#9c179e\"],[0.4444444444444444,\"#bd3786\"],[0.5555555555555556,\"#d8576b\"],[0.6666666666666666,\"#ed7953\"],[0.7777777777777778,\"#fb9f3a\"],[0.8888888888888888,\"#fdca26\"],[1.0,\"#f0f921\"]]}],\"contourcarpet\":[{\"type\":\"contourcarpet\",\"colorbar\":{\"outlinewidth\":0,\"ticks\":\"\"}}],\"contour\":[{\"type\":\"contour\",\"colorbar\":{\"outlinewidth\":0,\"ticks\":\"\"},\"colorscale\":[[0.0,\"#0d0887\"],[0.1111111111111111,\"#46039f\"],[0.2222222222222222,\"#7201a8\"],[0.3333333333333333,\"#9c179e\"],[0.4444444444444444,\"#bd3786\"],[0.5555555555555556,\"#d8576b\"],[0.6666666666666666,\"#ed7953\"],[0.7777777777777778,\"#fb9f3a\"],[0.8888888888888888,\"#fdca26\"],[1.0,\"#f0f921\"]]}],\"surface\":[{\"type\":\"surface\",\"colorbar\":{\"outlinewidth\":0,\"ticks\":\"\"},\"colorscale\":[[0.0,\"#0d0887\"],[0.1111111111111111,\"#46039f\"],[0.2222222222222222,\"#7201a8\"],[0.3333333333333333,\"#9c179e\"],[0.4444444444444444,\"#bd3786\"],[0.5555555555555556,\"#d8576b\"],[0.6666666666666666,\"#ed7953\"],[0.7777777777777778,\"#fb9f3a\"],[0.8888888888888888,\"#fdca26\"],[1.0,\"#f0f921\"]]}],\"mesh3d\":[{\"type\":\"mesh3d\",\"colorbar\":{\"outlinewidth\":0,\"ticks\":\"\"}}],\"scatter\":[{\"fillpattern\":{\"fillmode\":\"overlay\",\"size\":10,\"solidity\":0.2},\"type\":\"scatter\"}],\"parcoords\":[{\"type\":\"parcoords\",\"line\":{\"colorbar\":{\"outlinewidth\":0,\"ticks\":\"\"}}}],\"scatterpolargl\":[{\"type\":\"scatterpolargl\",\"marker\":{\"colorbar\":{\"outlinewidth\":0,\"ticks\":\"\"}}}],\"bar\":[{\"error_x\":{\"color\":\"#2a3f5f\"},\"error_y\":{\"color\":\"#2a3f5f\"},\"marker\":{\"line\":{\"color\":\"#E5ECF6\",\"width\":0.5},\"pattern\":{\"fillmode\":\"overlay\",\"size\":10,\"solidity\":0.2}},\"type\":\"bar\"}],\"scattergeo\":[{\"type\":\"scattergeo\",\"marker\":{\"colorbar\":{\"outlinewidth\":0,\"ticks\":\"\"}}}],\"scatterpolar\":[{\"type\":\"scatterpolar\",\"marker\":{\"colorbar\":{\"outlinewidth\":0,\"ticks\":\"\"}}}],\"histogram\":[{\"marker\":{\"pattern\":{\"fillmode\":\"overlay\",\"size\":10,\"solidity\":0.2}},\"type\":\"histogram\"}],\"scattergl\":[{\"type\":\"scattergl\",\"marker\":{\"colorbar\":{\"outlinewidth\":0,\"ticks\":\"\"}}}],\"scatter3d\":[{\"type\":\"scatter3d\",\"line\":{\"colorbar\":{\"outlinewidth\":0,\"ticks\":\"\"}},\"marker\":{\"colorbar\":{\"outlinewidth\":0,\"ticks\":\"\"}}}],\"scattermapbox\":[{\"type\":\"scattermapbox\",\"marker\":{\"colorbar\":{\"outlinewidth\":0,\"ticks\":\"\"}}}],\"scatterternary\":[{\"type\":\"scatterternary\",\"marker\":{\"colorbar\":{\"outlinewidth\":0,\"ticks\":\"\"}}}],\"scattercarpet\":[{\"type\":\"scattercarpet\",\"marker\":{\"colorbar\":{\"outlinewidth\":0,\"ticks\":\"\"}}}],\"carpet\":[{\"aaxis\":{\"endlinecolor\":\"#2a3f5f\",\"gridcolor\":\"white\",\"linecolor\":\"white\",\"minorgridcolor\":\"white\",\"startlinecolor\":\"#2a3f5f\"},\"baxis\":{\"endlinecolor\":\"#2a3f5f\",\"gridcolor\":\"white\",\"linecolor\":\"white\",\"minorgridcolor\":\"white\",\"startlinecolor\":\"#2a3f5f\"},\"type\":\"carpet\"}],\"table\":[{\"cells\":{\"fill\":{\"color\":\"#EBF0F8\"},\"line\":{\"color\":\"white\"}},\"header\":{\"fill\":{\"color\":\"#C8D4E3\"},\"line\":{\"color\":\"white\"}},\"type\":\"table\"}],\"barpolar\":[{\"marker\":{\"line\":{\"color\":\"#E5ECF6\",\"width\":0.5},\"pattern\":{\"fillmode\":\"overlay\",\"size\":10,\"solidity\":0.2}},\"type\":\"barpolar\"}],\"pie\":[{\"automargin\":true,\"type\":\"pie\"}]},\"layout\":{\"autotypenumbers\":\"strict\",\"colorway\":[\"#636efa\",\"#EF553B\",\"#00cc96\",\"#ab63fa\",\"#FFA15A\",\"#19d3f3\",\"#FF6692\",\"#B6E880\",\"#FF97FF\",\"#FECB52\"],\"font\":{\"color\":\"#2a3f5f\"},\"hovermode\":\"closest\",\"hoverlabel\":{\"align\":\"left\"},\"paper_bgcolor\":\"white\",\"plot_bgcolor\":\"#E5ECF6\",\"polar\":{\"bgcolor\":\"#E5ECF6\",\"angularaxis\":{\"gridcolor\":\"white\",\"linecolor\":\"white\",\"ticks\":\"\"},\"radialaxis\":{\"gridcolor\":\"white\",\"linecolor\":\"white\",\"ticks\":\"\"}},\"ternary\":{\"bgcolor\":\"#E5ECF6\",\"aaxis\":{\"gridcolor\":\"white\",\"linecolor\":\"white\",\"ticks\":\"\"},\"baxis\":{\"gridcolor\":\"white\",\"linecolor\":\"white\",\"ticks\":\"\"},\"caxis\":{\"gridcolor\":\"white\",\"linecolor\":\"white\",\"ticks\":\"\"}},\"coloraxis\":{\"colorbar\":{\"outlinewidth\":0,\"ticks\":\"\"}},\"colorscale\":{\"sequential\":[[0.0,\"#0d0887\"],[0.1111111111111111,\"#46039f\"],[0.2222222222222222,\"#7201a8\"],[0.3333333333333333,\"#9c179e\"],[0.4444444444444444,\"#bd3786\"],[0.5555555555555556,\"#d8576b\"],[0.6666666666666666,\"#ed7953\"],[0.7777777777777778,\"#fb9f3a\"],[0.8888888888888888,\"#fdca26\"],[1.0,\"#f0f921\"]],\"sequentialminus\":[[0.0,\"#0d0887\"],[0.1111111111111111,\"#46039f\"],[0.2222222222222222,\"#7201a8\"],[0.3333333333333333,\"#9c179e\"],[0.4444444444444444,\"#bd3786\"],[0.5555555555555556,\"#d8576b\"],[0.6666666666666666,\"#ed7953\"],[0.7777777777777778,\"#fb9f3a\"],[0.8888888888888888,\"#fdca26\"],[1.0,\"#f0f921\"]],\"diverging\":[[0,\"#8e0152\"],[0.1,\"#c51b7d\"],[0.2,\"#de77ae\"],[0.3,\"#f1b6da\"],[0.4,\"#fde0ef\"],[0.5,\"#f7f7f7\"],[0.6,\"#e6f5d0\"],[0.7,\"#b8e186\"],[0.8,\"#7fbc41\"],[0.9,\"#4d9221\"],[1,\"#276419\"]]},\"xaxis\":{\"gridcolor\":\"white\",\"linecolor\":\"white\",\"ticks\":\"\",\"title\":{\"standoff\":15},\"zerolinecolor\":\"white\",\"automargin\":true,\"zerolinewidth\":2},\"yaxis\":{\"gridcolor\":\"white\",\"linecolor\":\"white\",\"ticks\":\"\",\"title\":{\"standoff\":15},\"zerolinecolor\":\"white\",\"automargin\":true,\"zerolinewidth\":2},\"scene\":{\"xaxis\":{\"backgroundcolor\":\"#E5ECF6\",\"gridcolor\":\"white\",\"linecolor\":\"white\",\"showbackground\":true,\"ticks\":\"\",\"zerolinecolor\":\"white\",\"gridwidth\":2},\"yaxis\":{\"backgroundcolor\":\"#E5ECF6\",\"gridcolor\":\"white\",\"linecolor\":\"white\",\"showbackground\":true,\"ticks\":\"\",\"zerolinecolor\":\"white\",\"gridwidth\":2},\"zaxis\":{\"backgroundcolor\":\"#E5ECF6\",\"gridcolor\":\"white\",\"linecolor\":\"white\",\"showbackground\":true,\"ticks\":\"\",\"zerolinecolor\":\"white\",\"gridwidth\":2}},\"shapedefaults\":{\"line\":{\"color\":\"#2a3f5f\"}},\"annotationdefaults\":{\"arrowcolor\":\"#2a3f5f\",\"arrowhead\":0,\"arrowwidth\":1},\"geo\":{\"bgcolor\":\"white\",\"landcolor\":\"#E5ECF6\",\"subunitcolor\":\"white\",\"showland\":true,\"showlakes\":true,\"lakecolor\":\"white\"},\"title\":{\"x\":0.05},\"mapbox\":{\"style\":\"light\"}}},\"xaxis\":{\"tickangle\":45},\"font\":{\"size\":10},\"margin\":{\"l\":50,\"r\":50,\"t\":80,\"b\":50},\"title\":{\"text\":\"Matriz de correlación\"},\"width\":1300,\"height\":700,\"plot_bgcolor\":\"white\",\"paper_bgcolor\":\"white\"},                        {\"responsive\": true}                    ).then(function(){\n",
              "                            \n",
              "var gd = document.getElementById('ed7f0e53-070f-4f72-bc64-2f4af0892899');\n",
              "var x = new MutationObserver(function (mutations, observer) {{\n",
              "        var display = window.getComputedStyle(gd).display;\n",
              "        if (!display || display === 'none') {{\n",
              "            console.log([gd, 'removed!']);\n",
              "            Plotly.purge(gd);\n",
              "            observer.disconnect();\n",
              "        }}\n",
              "}});\n",
              "\n",
              "// Listen for the removal of the full notebook cells\n",
              "var notebookContainer = gd.closest('#notebook-container');\n",
              "if (notebookContainer) {{\n",
              "    x.observe(notebookContainer, {childList: true});\n",
              "}}\n",
              "\n",
              "// Listen for the clearing of the current output cell\n",
              "var outputEl = gd.closest('.output');\n",
              "if (outputEl) {{\n",
              "    x.observe(outputEl, {childList: true});\n",
              "}}\n",
              "\n",
              "                        })                };                            </script>        </div>\n",
              "</body>\n",
              "</html>"
            ]
          },
          "metadata": {}
        }
      ]
    },
    {
      "cell_type": "code",
      "source": [
        "import plotly.graph_objects as go\n",
        "import numpy as np\n",
        "\n",
        "def plot_riesgo_no_diversificable(train_returns):\n",
        "    # Matriz de covarianza anualizada\n",
        "    cov = train_returns.cov() * 252\n",
        "    num_assets = len(train_returns.columns)\n",
        "    vol_list = []\n",
        "\n",
        "    # Calcular volatilidad para carteras de 1 a N activos\n",
        "    for i in range(1, num_assets + 1):\n",
        "        weights = np.ones(i) / i\n",
        "        sub_cov = cov.iloc[:i, :i]\n",
        "        vol = np.sqrt(weights.T @ sub_cov @ weights)\n",
        "        vol_list.append(vol)\n",
        "\n",
        "    min_vol = min(vol_list)\n",
        "    min_idx = vol_list.index(min_vol) + 1\n",
        "\n",
        "    # Gráfico Plotly\n",
        "    fig = go.Figure()\n",
        "\n",
        "    fig.add_trace(go.Scatter(\n",
        "        x=list(range(1, num_assets + 1)),\n",
        "        y=vol_list,\n",
        "        mode='lines+markers',\n",
        "        name='Volatilidad de cartera',\n",
        "        line=dict(color='blue')\n",
        "    ))\n",
        "\n",
        "    fig.add_trace(go.Scatter(\n",
        "        x=[min_idx],\n",
        "        y=[min_vol],\n",
        "        mode='markers+text',\n",
        "        name='Riesgo no diversificable',\n",
        "        marker=dict(color='red', size=10, symbol='x'),\n",
        "        text=[f'{round(min_vol * 100, 2)} %'],\n",
        "        textposition='top center'\n",
        "    ))\n",
        "\n",
        "    fig.add_shape(\n",
        "        type='line',\n",
        "        x0=1,\n",
        "        x1=num_assets,\n",
        "        y0=min_vol,\n",
        "        y1=min_vol,\n",
        "        line=dict(color='red', dash='dash')\n",
        "    )\n",
        "\n",
        "\n",
        "    fig.update_layout(\n",
        "        title='Volatilidad vs. Número de activos',\n",
        "        xaxis_title='Número de activos',\n",
        "        yaxis_title='Volatilidad anualizada (%)',\n",
        "        plot_bgcolor='whitesmoke',\n",
        "        paper_bgcolor='whitesmoke',\n",
        "        font=dict(size=12)\n",
        "    )\n",
        "\n",
        "    fig.show()\n"
      ],
      "metadata": {
        "id": "_bX_Fvjxa1Kw"
      },
      "execution_count": null,
      "outputs": []
    },
    {
      "cell_type": "code",
      "source": [
        "plot_riesgo_no_diversificable(train_log_returns)"
      ],
      "metadata": {
        "colab": {
          "base_uri": "https://localhost:8080/",
          "height": 542
        },
        "id": "BcWvnrYFa5bv",
        "outputId": "efd2e5fd-f2e8-4e21-870e-b20e26747368"
      },
      "execution_count": null,
      "outputs": [
        {
          "output_type": "display_data",
          "data": {
            "text/html": [
              "<html>\n",
              "<head><meta charset=\"utf-8\" /></head>\n",
              "<body>\n",
              "    <div>            <script src=\"https://cdnjs.cloudflare.com/ajax/libs/mathjax/2.7.5/MathJax.js?config=TeX-AMS-MML_SVG\"></script><script type=\"text/javascript\">if (window.MathJax && window.MathJax.Hub && window.MathJax.Hub.Config) {window.MathJax.Hub.Config({SVG: {font: \"STIX-Web\"}});}</script>                <script type=\"text/javascript\">window.PlotlyConfig = {MathJaxConfig: 'local'};</script>\n",
